	n train	train time	train C	test C	train brier	test brier
0	100	0.48	0.7824787307426995	0.6253746015911386	0.06212379909687004	0.08600649733838595
1	100	0.43	0.7414814814814815	0.5686839747457122	0.17993862349565978	0.2243142010472356
2	100	0.49	0.8204071740184198	0.5924398561576343	0.15524801054447493	0.21842470101320288
3	100	0.45	0.7457825679475164	0.5774081779715393	0.17356098969490003	0.22539163095001352
4	100	0.45	0.7804511278195488	0.574632598656457	0.17303751870984668	0.22269806532242728
5	100	0.44	0.7692852087756546	0.547433663364037		
6	100	0.5	0.8294089380105718	0.5722884535319828	0.13721876689741114	0.22852469635987138
7	100	0.46	0.7945141794514179	0.5712444176306192		
8	100	0.46	0.7790782735918069	0.5632254322035719	0.09158832953843128	0.11995363678021854
9	100	0.5	0.8467240554758488	0.6243816642210988	0.12613853974351397	0.20917505671727288
10	100	0.43	0.7479579929988331	0.5576969195134258	0.13612678041693838	0.14326276502660004
11	100	0.49	0.8144774688398849	0.5947253541041121	0.14282720963763862	0.21454875674111623
12	100	0.4	0.6113161131611317	0.6010081507964112	0.2069298909015563	0.21637218056429217
13	100	0.5	0.8182923862807103	0.6044091064550801	0.08956469967084986	0.12998485030370505
14	100	0.56	0.8795267986479961	0.6191760013424977	0.10451351161520273	0.13468556597564535
15	100	0.45	0.7632406287787182	0.5988492378479854	0.0839348776903398	0.08633795004370182
16	100	0.48	0.7803587856485741	0.5886614681653246	0.15912593211254436	0.2158329688482027
17	100	0.48	0.7957799547852299	0.599080923234328	0.1563288984537101	0.20800978875430434
18	100	0.47	0.8115031416143065	0.5890481911410244	0.12013724790557177	0.11739200117044062
19	100	0.51	0.8306701645599809	0.5835266464324225	0.1341257348417254	0.19434844162660775
20	500	0.82	0.7577553022869651	0.6589306587123286		
21	500	0.65	0.7078484438430311	0.6076347012448879	0.17790781669289907	0.21501136589840922
22	500	0.7	0.789623442262433	0.6486064327244285	0.1542504631541807	0.19990519786549088
23	500	0.7	0.7689834631267324	0.6378031580053688	0.15393237939071192	0.20596677443055966
24	500	0.68	0.7597533567682822	0.634082836525927	0.1598385188714049	0.20831795427958213
25	500	0.68	0.7550079840891923	0.6343017472794387		
26	500	0.66	0.732642827014107	0.615572974219049	0.11372786703006632	0.11562845865847138
27	500	0.76	0.7830647369265774	0.6478994729302627	0.10882862258228854	0.12278926574040397
28	500	0.69	0.7563018781318135	0.6189257346720375	0.15995324760601656	0.20910979033997373
29	500	1.36	0.7649648459630906	0.6468847606178973	0.15592400539725537	0.2012987875883301
30	500	1.28	0.786717654067142	0.6372799787244297	0.14017985298941316	0.17852153477906413
31	500	0.66	0.7361403241617573	0.6444999689344156	0.17176336459663377	0.2026426191540445
32	500	0.68	0.7619075011504832	0.6365265657199696	0.10031249572168426	0.09937543847862602
33	500	0.75	0.834169895223009	0.6444140304953713	0.12933956947076622	0.20388505147425828
34	500	0.74	0.7987996180602919	0.64262209790827	0.13968595232230951	0.20463317458853367
35	500	0.66	0.7373118487070629	0.641423605082678	0.13423614423310068	0.1465105101034409
36	500	0.72	0.7886332320353348	0.6412941167589827	0.15045008983850242	0.2038380281105601
37	500	0.72	0.7787439147828602	0.639324500642506	0.14315219300271204	0.18287596513121865
38	500	0.72	0.7858486800843834	0.6324944270664276	0.15405435040544477	0.194096628944671
39	500	0.7	0.780356004604656	0.6166094614737397	0.1580378364946529	0.21043448725394803
40	1000	1.27	0.7895619209079457	0.6711466916894626	0.1393744360574812	0.15635787110249133
41	1000	0.95	0.7377767538802232	0.6515463402709267	0.10172173367485852	0.11023494963657558
42	1000	1.01	0.784333987314044	0.6577884904042184	0.15118218026539684	0.19835659869919325
43	1000	0.95	0.7367965553233427	0.6591559567822558	0.1495985146037209	0.16890626682349247
44	1000	0.98	0.7506588461392092	0.6667272493950921	0.08975082800013777	0.08412743518874118
45	1000	0.98	0.7544224492573341	0.6539746818390594	0.13452646452117215	0.15578299319066838
46	1000	0.98	0.7422246956259271	0.6501364853384959	0.16988064737562555	0.20079866494655477
47	1000	0.97	0.7418438710896891	0.6551063981748534	0.09842859579486629	0.0992380499352992
48	1000	0.98	0.7539503492542949	0.6459998269617917	0.16390869515427423	0.2000807488671057
49	1000	0.92	0.7262768918309012	0.6485083003176819	0.17598797095245888	0.20245238870237747
50	1000	1.1	0.7302447894543423	0.6529556145382289	0.08957432631385101	0.0867514066570026
51	1000	0.98	0.7422481402422375	0.6359859664851701	0.1390445751748212	0.15931804944553857
52	1000	1.01	0.7836933481734594	0.6579708192546234	0.13610446259251904	0.1681140210033769
53	1000	1.04	0.787800347817857	0.6530653602475491	0.035542509136559854	0.03730350098550012
54	1000	0.95	0.7054016330013814	0.6259093941746513	0.1757342780992194	0.200689253614734
55	1000	0.95	0.7484725391173186	0.6487196624245208		
56	1000	1.03	0.7827360007155282	0.6564041847374493	0.1499055307476781	0.19923538252819323
57	1000	1.06	0.7752174726629786	0.6460619581305602	0.15034199851814528	0.20356433417997263
58	1000	1.0	0.7534899922935053	0.6571602107349885		
59	1000	1.03	0.7583500502710789	0.6529788411433761	0.15624015619527742	0.18922954846618464
60	2000	2.94	0.757376673194661	0.7009040375388392	0.09581032730508643	0.10333059577174342
61	2000	1.54	0.7390129278494807	0.6692606913515156	0.16752859935197975	0.19234800138156813
62	2000	1.54	0.7378989002106865	0.6645996923636148	0.12633789539303397	0.13606675060911463
63	2000	1.64	0.7666692061466526	0.6797344386100502	0.15421513005477425	0.1881332016820948
64	2000	1.54	0.7320527169592275	0.6669479021439898	0.17136636191641105	0.19636713476871323
65	2000	1.64	0.769291287117195	0.6736992955951324	0.15343188590060702	0.18937697404591824
66	2000	1.64	0.7684426036395163	0.6835023746300437	0.1497020570548509	0.18419832896438584
67	2000	1.64	0.7792129185373554	0.6837163497299616	0.1192094381683964	0.13846523053148335
68	2000	1.63	0.7570029821162152	0.6707251288060422	0.1570694477412703	0.19365083188455
69	2000	1.53	0.7379469268288065	0.6658510257159166	0.16899844872156294	0.19416330897055542
70	2000	1.54	0.7370918499012351	0.6789456050327408	0.13177340739941368	0.14015671578866837
71	2000	1.58	0.7486500527290422	0.6736087118350585	0.1619700955462905	0.19298301890599334
72	2000	1.59	0.7542948386461478	0.6686974461766976	0.14364920035999224	0.1632217569422778
73	2000	1.54	0.7402353841851028	0.6707469037483677	0.14345682378565955	0.15940684474316694
74	2000	1.99	0.781808177051493	0.6789119264552774		
75	2000	1.49	0.7154097833018853	0.6730907585402776	0.18111778388988578	0.1927436172236967
76	2000	1.74	0.7305251978688311	0.6737736207316032	0.15236195181494824	0.16484094751431771
77	2000	1.59	0.7382633761613391	0.6574278973593092	0.17005387861643106	0.19730701844574178
78	2000	1.59	0.7470780056996742	0.6724363489402571	0.14959674428029401	0.16631305523534431
79	2000	1.69	0.7728507375940864	0.6697107068262412	0.07658872535452474	0.08422412454910698
80	5000	6.11	0.788990885096758	0.7145967019382021		
81	5000	3.39	0.7497117940736935	0.6880574022319607	0.11848146465598403	0.1285051998092438
82	5000	3.66	0.7848024258902819	0.7027011961120986		
83	5000	4.18	0.765435357701068	0.7070646042215516	0.12739766412404224	0.1488693107625369
84	5000	3.28	0.7356481550585378	0.6917341738267516	0.15847569068008632	0.1689352737565918
85	5000	3.58	0.7729754539530395	0.6961257441949456	0.1469425517658112	0.18300207382822162
86	5000	3.37	0.7546149907895788	0.6971732640870811		
87	5000	3.47	0.7734671052338972	0.6980802630180767	0.13989021868367538	0.17165586349451148
88	5000	3.27	0.7482229758962402	0.6934488779517386	0.14783228971804005	0.16165047046043224
89	5000	3.26	0.7469595326241829	0.6896954585599621	0.16099471182800404	0.18535126780912015
90	5000	3.37	0.7429626759835336	0.6939981871634683	0.16190996612338457	0.18369147992383328
91	5000	3.27	0.7428945195555028	0.6942374211964837	0.11468553871184614	0.1229717161078577
92	5000	3.26	0.7383986569522472	0.6870847881414245	0.1404882972772688	0.1532447384052162
93	5000	3.46	0.7732845857766879	0.7015265105567824	0.1334556506777572	0.15853802303721085
94	5000	3.36	0.7604513625049752	0.6974232404249772	0.1564155026782226	0.1811679251088195
95	5000	3.26	0.733546165712134	0.6923845187708713		
96	5000	3.46	0.7682068015984718	0.6958394762865071	0.1431869954068779	0.16937676432158758
97	5000	3.27	0.7299595512745066	0.6979937439139037	0.16816706420705735	0.1799872870884431
98	5000	3.26	0.731590866996768	0.6936753373519231	0.1641794391243097	0.17684766026231113
99	5000	3.37	0.753005341397525	0.6948447969210813	0.07276982310587317	0.08132564722881923
