	n train	train time	train C	test C	train brier	test brier
0	100	0.44	0.6641414141414141	0.539350093974019		
1	100	0.49	0.795401764979099	0.5406701037661742		
2	100	0.55	0.8628919045390735	0.581788067997544	0.110355492280576	0.1834147009804867
3	100	0.42	0.6121751025991792	0.5263442487843585		
4	100	0.41	0.4976120081874005	0.4986123993449934	0.203155611590486	0.19010201613144265
5	100	0.4	0.6346897022050466	0.5084315341478695	0.17757988635394528	0.1927679808873376
6	100	0.45	0.7837465564738292	0.5422758127517263	0.15966400256611626	0.18853419471212576
7	100	0.46	0.81699196326062	0.5408842361636108	0.1424740781518167	0.18531622263131978
8	100	0.52	0.8314942528735633	0.5720214723107498	0.13427034101646487	0.18873010007479551
9	100	0.46	0.8101065035123499	0.5511092001388168	0.14789902723755147	0.1862518077475603
10	100	0.43	0.5451451905626135	0.4785924401607867	0.18900859853558075	0.19591182520946518
11	100	0.49	0.8262140287769785	0.5422775167230587	0.12438506475163108	0.18937088413214584
12	100	0.41	0.613998613998614	0.5160994051436079	0.1827725961237727	0.19048677788233834
13	100	0.51	0.8318807339449541	0.5362676098337321	0.1373893300395707	0.19063032471743876
14	100	0.41	0.5243873423744944	0.4800973308425059	0.14704905598444362	0.16401435545172227
15	100	0.43	0.7661714285714286	0.5495600062024556		
16	100	0.5	0.8418224299065421	0.5458496086261845	0.1392419242389029	0.1936012498897696
17	100	0.49	0.8055241113878198	0.5321780786360051	0.13346581028469548	0.18638781703986126
18	100	0.41	0.5526079136690647	0.5150165313618764	0.1887760654483058	0.19055037766913818
19	100	0.41	0.5075	0.5256518684329655		
20	500	0.86	0.8027988316970419	0.6509766879682016		
21	500	0.67	0.722783181704597	0.6079687355339933	0.15597564005845754	0.17449744234610373
22	500	0.68	0.7707054206800729	0.6199274903399026	0.14653424246451677	0.17365917943504508
23	500	0.73	0.801896321100667	0.6063400229354541	0.14608886713170588	0.18018195574110815
24	500	0.68	0.757588243373163	0.5938925123523722	0.14985502004758022	0.17753627712100842
25	500	0.7	0.7744215583411563	0.6127157156707995	0.12918972361767767	0.1779854498613257
26	500	0.66	0.7170860975233463	0.5772100650178661	0.1691420899662938	0.18410099121630005
27	500	0.72	0.7672663424678942	0.581867586659722	0.14665401475184434	0.18147904269771611
28	500	0.75	0.8219431883845286	0.6202256853230701		
29	500	0.7	0.7603983969611326	0.5920079200587529	0.14841646080843773	0.17973964175594612
30	500	0.68	0.7661739138433801	0.5914546973661715	0.15610046429458949	0.1789960385507499
31	500	0.64	0.6614446715751009	0.5726462617992915		
32	500	0.73	0.7941476505132753	0.6086415202150639		
33	500	0.69	0.7481879194630873	0.6009639933817753	0.1547418549712907	0.17736053048420267
34	500	0.73	0.7716913234706118	0.5975833142583209	0.1403988687358537	0.17704142979847962
35	500	0.75	0.8109650942961221	0.6180519858933893	0.13547985578057148	0.17097300851818018
36	500	0.66	0.7130926724137931	0.5998796996239335	0.15651066924005838	0.1760340318140109
37	500	0.68	0.7448092955108172	0.5984977788733682		
38	500	0.66	0.7016900277412761	0.5695325381845776	0.1676339004463534	0.17470377325979647
39	500	0.71	0.7520088667220837	0.597909908763695	0.14817484558234598	0.17410178012833707
40	1000	1.21	0.8069449343343884	0.691334112994883		
41	1000	1.03	0.7872884681980838	0.6347440890654455		
42	1000	1.03	0.7764832220964873	0.6395487202323308	0.1425469798257257	0.16759327703698715
43	1000	1.09	0.8139954955464762	0.6543976944131892	0.1330887420548553	0.1693626915791053
44	1000	1.02	0.7958545365406352	0.6388109006454076	0.1320608469117048	0.16882299524973152
45	1000	0.99	0.7444077841723657	0.6168876054829253	0.15020219602286836	0.1730061168789917
46	1000	1.02	0.7534664422985335	0.6214954279609199	0.145694809222438	0.1717803673771541
47	1000	1.03	0.7696034327635131	0.6358868858390326	0.1461205872371217	0.16899206884120363
48	1000	1.06	0.7895516656023961	0.6449980205533022	0.12630678506996293	0.15550665071851738
49	1000	0.96	0.7342760280906129	0.6010026167319761	0.15275249420362103	0.17630283062438326
50	1000	1.02	0.7776964167544077	0.6270552024232744	0.14145241406351916	0.1627025269928836
51	1000	0.96	0.7327570948138533	0.6143447122645609	0.15645575938184075	0.1720944490493879
52	1000	0.96	0.7354306154269468	0.614235090108844	0.1561716042188656	0.17498252044486698
53	1000	0.96	0.7291987638017681	0.6218501379932784	0.15494072507457843	0.17549042284443164
54	1000	0.96	0.7130962690130901	0.6087085430874711	0.14940946939942754	0.17616504080331216
55	1000	1.0	0.7709227088507705	0.6219853197189811		
56	1000	1.0	0.749808270358254	0.6374835069774786	0.1463147756148926	0.1682287727338422
57	1000	0.93	0.6879134341476966	0.5970789387439346	0.17019745393866192	0.17829270353246363
58	1000	1.02	0.7748416540778625	0.6449770049068695	0.14100391424008518	0.164093755218249
59	1000	0.99	0.7530707201694946	0.6312225483118472	0.13545226125911733	0.15861547989182262
60	2000	2.3	0.8172599532819995	0.7157287345797694	0.11791502555792317	0.1433324029883308
61	2000	1.65	0.773604412333685	0.662482186399696	0.13863294206525537	0.16176064558923134
62	2000	1.65	0.7826976853106073	0.6748186548509508		
63	2000	1.8	0.830549304220734	0.6846744250374732	0.111836950612551	0.15787487176681447
64	2000	1.63	0.7686013244957853	0.6505481391781065	0.14057443111241644	0.1637969588015777
65	2000	2.37	0.8060387640638541	0.6810580298797053		
66	2000	2.06	0.7792926370811036	0.6725529409693212	0.1310644657490818	0.16180171480104136
67	2000	1.59	0.7491661663185776	0.6482009186677443		
68	2000	1.6	0.7771370270402237	0.6609841116033064	0.12233173739557739	0.144527501169082
69	2000	1.59	0.7594347323756337	0.667713662385344	0.1436521410062802	0.16304299408495487
70	2000	1.73	0.8094877903547869	0.6730664043308136	0.1086418413042808	0.13710226295348057
71	2000	1.55	0.7428786016349282	0.652835720691835	0.15274669289826315	0.1662380540203696
72	2000	1.61	0.7620376439422425	0.6611067975392382		
73	2000	2.17	0.7678475598477288	0.665234384096722	0.1420284171200893	0.162481003915269
74	2000	1.65	0.7782656910686158	0.673346423619769	0.13209732389891654	0.15945610310173738
75	2000	1.72	0.7840237936452833	0.6593602269235422		
76	2000	1.7	0.7939706915085828	0.663046484905938	0.12886447856337227	0.1623716057855328
77	2000	1.56	0.7384311982034358	0.642967738710764	0.1445849954435676	0.16577798123272036
78	2000	1.74	0.782276223018945	0.6700844544991376	0.13007894272189283	0.15863263018490528
79	2000	1.64	0.777133515557736	0.6692892678773572		
80	5000	6.91	0.8079803060263752	0.7460957756846699	0.11944403830478571	0.13552005350949686
81	5000	3.53	0.7981768002892531	0.7149409318337628	0.11960031025030704	0.1441340609884317
82	5000	3.41	0.7908140892096821	0.7144720557221346	0.1260262716076521	0.146425303537814
83	5000	3.73	0.8084309393234316	0.7219522058760883	0.1149991356353981	0.14157729824249668
84	5000	3.53	0.7991120607665829	0.7199534475031992	0.11699697452831058	0.1457175755379915
85	5000	3.53	0.7898889831017369	0.7275667914163012	0.1198557085261195	0.1380728515260207
86	5000	3.62	0.7936994415534631	0.7176678539560251	0.12057639653488443	0.14542272820245142
87	5000	3.83	0.8253666066468902	0.7266631186196923	0.10909225988354047	0.14441831756467827
88	5000	3.52	0.7975410808067545	0.7140168113811654	0.11956379687922436	0.14508003760037833
89	5000	3.61	0.8036466675003036	0.7218107762555003		
90	5000	3.61	0.8023703496084233	0.7186351416823763	0.11884542031570226	0.14595678396467757
91	5000	3.41	0.790308848705558	0.70992614420255	0.06998160170637957	0.07955295611628653
92	5000	3.61	0.8027988855197185	0.7255163459129964	0.11368231937794532	0.1400994454998927
93	5000	3.7	0.8175779978281437	0.7208804079080173		
94	5000	3.4	0.7740783422345591	0.6941019304291225	0.11636071772618868	0.1311443188686984
95	5000	3.6	0.8036345455225916	0.7222890242094567	0.11219707675139905	0.1405326160980222
96	5000	3.3	0.7648108851525779	0.7047162518537788	0.13607153128166283	0.14879230204443253
97	5000	3.49	0.792653013797477	0.7196257170169369		
98	5000	3.6	0.8096765419484675	0.7245706418235219	0.11135668842881351	0.14149450835795085
99	5000	3.53	0.7972968461654653	0.7157463422835374		
