	n train	train time	train C	test C	train brier	test brier
0	100	0.46	0.5727209464161448	0.4967842924336498	0.18815336158712545	0.21478103298364043
1	100	0.41	0.6112709832134292	0.4830388902546584	0.18923541733956464	0.23781300979264167
2	100	0.41	0.5852023121387283	0.5110912783253154	0.20529793075632952	0.20894677672495807
3	100	0.41	0.5368690393114678	0.5040627435811098	0.15301044669105007	0.14563723259130906
4	100	0.41	0.4938500812253423	0.48202000030292896		
5	100	0.41	0.6020930232558139	0.5204209081577608		
6	100	0.41	0.48368219671393203	0.5112136150262092	0.2416349627370232	0.24125009897589467
7	100	0.51	0.7866697958225769	0.5071479586665066	0.16234741760796315	0.24049273418434974
8	100	0.41	0.6692660550458716	0.499874167964795	0.17766884353252554	0.23691820404438807
9	100	0.42	0.6411149825783972	0.49963590267591146	0.2054557109872214	0.2478874782078515
10	100	0.41	0.5101343657481212	0.5143058207802286	0.23605122440108262	0.2346476167588422
11	100	0.53	0.8284066330209084	0.49929394246912745		
12	100	0.41	0.5424657534246575	0.5032162901220687	0.21717835197902283	0.24539810691375014
13	100	0.47	0.8053954346322343	0.5058957551495012	0.14988489199008692	0.23197624466957645
14	100	0.48	0.7714741398951925	0.5083922976813118	0.15023534543026318	0.202963342195947
15	100	0.41	0.6604534005037783	0.49949463291416507		
16	100	0.46	0.7896028558679161	0.5202805122295922		
17	100	0.45	0.7603564547206165	0.49652855047321	0.16392088539859387	0.24796646479854526
18	100	0.46	0.7312470138557096	0.4955603428689937	0.1839529750310629	0.24952986653936896
19	100	0.4	0.5625283189850476	0.4768987529812289	0.20509394330634703	0.2198164513683042
20	500	0.64	0.5657861470321088	0.5077142028249292	0.22215906096067028	0.233615749844098
21	500	0.61	0.552433366517027	0.507990334235518	0.2254317657722945	0.24753784885409522
22	500	0.68	0.706823067576409	0.521473003785447	0.18206580622342985	0.24188698678254097
23	500	0.66	0.6685808270676692	0.504093036478474	0.09940443537027707	0.11966467620206146
24	500	0.65	0.6931125002360673	0.5231187236903274	0.1996224327919378	0.2414602644061814
25	500	0.61	0.5553436563057421	0.5114070235247651	0.2169806513065906	0.23075509329863506
26	500	0.69	0.7634607899468056	0.5108308759191272	0.17927079173726707	0.24232163729838505
27	500	0.66	0.679846662459617	0.5171387892394969	0.20053994768254818	0.24253679292480745
28	500	0.61	0.5603068250080865	0.5140203684781431	0.23311853182907485	0.24256442437894316
29	500	0.61	0.5615836190297281	0.4999592210997021		
30	500	0.61	0.5774177556193701	0.49005315238375974	0.1879927801100864	0.21103374995546728
31	500	0.65	0.6654047250193649	0.5071182483248611	0.19547417270150677	0.23415092637351412
32	500	0.63	0.6516377223740762	0.4921040397908858	0.19680557746769742	0.25061894273706786
33	500	0.69	0.7753302304546911	0.5130469178724599	0.16467687892420516	0.24893003884905773
34	500	0.67	0.7094438929367473	0.5265371606467301	0.19005253538096709	0.24197172977520046
35	500	0.67	0.7400894957260054	0.5022958520867729		
36	500	0.68	0.6864495798319328	0.5019894277788199	0.1872417893113525	0.23009045431214786
37	500	0.69	0.7395853843773733	0.5273509909855328	0.17781024656619496	0.2250184917794023
38	500	0.65	0.6885863240261522	0.5172308330430264	0.19593208820729266	0.24070185745750655
39	500	0.65	0.6291745550927679	0.48693589673384313	0.2082838138989184	0.2519333349611993
40	1000	0.95	0.6251730061691044	0.53749882032467		
41	1000	0.96	0.6866082288887907	0.5151307196776835		
42	1000	0.96	0.6694575146937325	0.4992222881157468	0.1984385782746474	0.2480451365120387
43	1000	0.91	0.5850710663091414	0.5245855989896153	0.16354703597441106	0.17855827716556882
44	1000	0.94	0.6287235498746819	0.5015612493256918	0.20591316960990602	0.23246964831481215
45	1000	0.96	0.6886556103210201	0.5337212377677863		
46	1000	0.93	0.6364296776273222	0.5212527977238383	0.160687085213695	0.17758613041112112
47	1000	0.93	0.6248790033844065	0.5262269497266066		
48	1000	0.96	0.6845014690934687	0.5115928587989799	0.12006501893951255	0.14654352146901864
49	1000	0.93	0.6102578384274409	0.513843854095425	0.14853872977093444	0.16069279789505814
50	1000	0.96	0.6544148711449091	0.5114408117564404	0.1883569375315093	0.21558511972963723
51	1000	0.98	0.7034057163624539	0.5246584184544331		
52	1000	0.92	0.6282318405748787	0.5041664384990102	0.20879505105019489	0.24187341832107503
53	1000	0.93	0.655619670961199	0.5004975025836346	0.20521226439851958	0.24686085213766587
54	1000	0.93	0.62922129102365	0.49994407465102	0.21045307228827076	0.24439081141699517
55	1000	0.99	0.6982299077749323	0.5343358340508478	0.19635274703801495	0.23689189258948432
56	1000	0.9	0.5784272006284837	0.5263839484927536	0.22491888543255764	0.23794873287609397
57	1000	0.94	0.6376036310334589	0.5196653333908121	0.20178912822963493	0.23596870249116347
58	1000	0.93	0.6220424262106814	0.5199216579069705	0.21447964971115036	0.2412856638716221
59	1000	0.96	0.6627012901403145	0.504209256344323	0.13414376709897693	0.1585200637129035
60	2000	1.54	0.5877003040405557	0.5215306768015827	0.22153364763157102	0.2304370244488355
61	2000	1.5	0.6117020196010715	0.5174836622248735	0.21668845950643628	0.24034496176873624
62	2000	1.5	0.6304922726909269	0.5448888308922307	0.13902962932113933	0.1580363335894375
63	2000	1.5	0.6175815823136034	0.5366881940423192	0.21551696663246472	0.23497534368666806
64	2000	1.5	0.6238349300840959	0.5288601015744151	0.1387884980111698	0.15756304758360734
65	2000	1.5	0.616853020686756	0.5175521125218021	0.2124689551280388	0.23610267084167466
66	2000	1.5	0.6387976669168034	0.5252208760006851	0.20105828477990956	0.2262295888200003
67	2000	1.5	0.6427645868549586	0.5377863115717703	0.11075133370897218	0.11899769933905797
68	2000	1.5	0.628005195734772	0.5402417839254235	0.16668849460169077	0.1817655140091773
69	2000	1.5	0.6378740490377676	0.5225545184769197		
70	2000	1.45	0.5837835474364468	0.49310982223894806	0.22223023530164526	0.24271586059853426
71	2000	1.49	0.6212531060761626	0.5179357254624618	0.21451095089893232	0.23822727738168864
72	2000	1.5	0.6118101025996024	0.5095568265626765		
73	2000	1.49	0.6098068032156165	0.5133055726114925		
74	2000	1.54	0.6816693877407917	0.5399283689488481	0.20128145878713577	0.22535126199179276
75	2000	1.44	0.5796823086044355	0.519408135041076	0.18249786663210044	0.1925672380952391
76	2000	1.49	0.6186708344215199	0.5358819369278575	0.1792600911191879	0.1970360514469214
77	2000	1.49	0.6230706842384192	0.5178104759829754	0.17627344152955923	0.20271095867449643
78	2000	1.49	0.6328812229809428	0.5393149377772237		
79	2000	1.45	0.5872617209513159	0.5205764505346114	0.20718086899948404	0.21940723264492853
80	5000	5.16	0.7012289589540308	0.58787270458483	0.19315389230101804	0.22311021059682562
81	5000	3.52	0.7019423506159544	0.5775667113681088		
82	5000	3.32	0.638707146762821	0.5548720882408797	0.20818947386550848	0.22813124599644358
83	5000	3.32	0.6453796414945389	0.5501691159250927	0.1373752095185298	0.1562403059973933
84	5000	3.21	0.6180676628762612	0.5434219555929427	0.21265500380310315	0.22941786847882734
85	5000	3.22	0.6133748598386691	0.5468558302758867	0.16837724380971697	0.17557075542942105
86	5000	3.21	0.6193021572369141	0.5554948403040009	0.21708814188133665	0.23188449111232465
87	5000	3.3	0.6342498622429595	0.5627278521054146	0.20532879771805315	0.21990965173081128
88	5000	3.2	0.60354504185837	0.5322485369113129	0.22011725337328858	0.23446556541666064
89	5000	3.2	0.6075614688602545	0.5334247169070486	0.1560143578884834	0.16795795246337797
90	5000	3.3	0.6431508831794572	0.5449543684105667	0.19061588770036544	0.20531206797595783
91	5000	3.09	0.5835832908812083	0.551278302013196	0.2241660704273751	0.23153495509096686
92	5000	3.31	0.6523224294606347	0.56178294672994	0.13242566180450874	0.14729119720009037
93	5000	3.19	0.6094303078906449	0.5263501602610782	0.21975149959218282	0.23580002575450434
94	5000	3.19	0.6157974095211545	0.5456077046489112	0.2104318083676876	0.22216746488627878
95	5000	3.29	0.6461978516573834	0.5492451825554855		
96	5000	3.29	0.6333447263573558	0.5502250412740727		
97	5000	3.19	0.624982940958906	0.5567152945343458		
98	5000	3.29	0.6395177205536063	0.5380239943049353	0.18395080246202175	0.20031629376071583
99	5000	3.19	0.6290283552847021	0.5579246802060384	0.20532089193201405	0.21842883076651465
